1.739999999999999880e-01
3.280000000000000138e-01
4.279999999999999916e-01
5.280000000000000249e-01
5.220000000000000195e-01
6.019999999999999796e-01
6.660000000000000364e-01
6.460000000000000187e-01
6.959999999999999520e-01
6.700000000000000400e-01
7.099999999999999645e-01
7.419999999999999929e-01
7.259999999999999787e-01
7.239999999999999769e-01
7.419999999999999929e-01
7.179999999999999716e-01
6.899999999999999467e-01
7.139999999999999680e-01
7.500000000000000000e-01
7.259999999999999787e-01
7.319999999999999840e-01
7.620000000000000107e-01
7.560000000000000053e-01
7.860000000000000320e-01
7.399999999999999911e-01
7.740000000000000213e-01
7.920000000000000373e-01
7.980000000000000426e-01
7.940000000000000391e-01
8.100000000000000533e-01
8.279999999999999583e-01
7.860000000000000320e-01
8.239999999999999547e-01
8.080000000000000515e-01
8.219999999999999529e-01
8.159999999999999476e-01
8.379999999999999671e-01
8.319999999999999618e-01
8.379999999999999671e-01
8.319999999999999618e-01
8.639999999999999902e-01
8.419999999999999707e-01
8.379999999999999671e-01
8.519999999999999796e-01
8.739999999999999991e-01
8.539999999999999813e-01
8.679999999999999938e-01
8.379999999999999671e-01
8.719999999999999973e-01
8.820000000000000062e-01
8.659999999999999920e-01
8.459999999999999742e-01
8.619999999999999885e-01
8.659999999999999920e-01
8.719999999999999973e-01
8.940000000000000169e-01
8.800000000000000044e-01
8.719999999999999973e-01
8.760000000000000009e-01
8.719999999999999973e-01
9.060000000000000275e-01
8.980000000000000204e-01
9.020000000000000240e-01
8.960000000000000187e-01
8.940000000000000169e-01
9.080000000000000293e-01
9.220000000000000417e-01
9.020000000000000240e-01
9.000000000000000222e-01
9.140000000000000346e-01
9.000000000000000222e-01
9.080000000000000293e-01
9.080000000000000293e-01
9.240000000000000435e-01
8.860000000000000098e-01
9.040000000000000258e-01
9.180000000000000382e-01
9.180000000000000382e-01
9.140000000000000346e-01
9.180000000000000382e-01
9.220000000000000417e-01
9.280000000000000471e-01
9.240000000000000435e-01
9.340000000000000524e-01
9.180000000000000382e-01
9.340000000000000524e-01
9.200000000000000400e-01
9.360000000000000542e-01
9.260000000000000453e-01
9.160000000000000364e-01
9.320000000000000506e-01
9.379999999999999449e-01
9.280000000000000471e-01
9.439999999999999503e-01
9.419999999999999485e-01
9.300000000000000488e-01
9.399999999999999467e-01
9.340000000000000524e-01
9.399999999999999467e-01
9.260000000000000453e-01
