9.707040527343750114e+00
7.419640197753905930e+00
6.599560150146484006e+00
5.950040283203125391e+00
5.752240081787109105e+00
5.528520187377929496e+00
5.285360198974609069e+00
5.223840026855468999e+00
5.201600250244140966e+00
5.185240173339844105e+00
4.983040130615234098e+00
4.844760131835937678e+00
4.826280120849609112e+00
4.886040130615234567e+00
4.810480102539062663e+00
4.759880187988280831e+00
4.704080062866211165e+00
4.693720123291015511e+00
4.551280090332030959e+00
4.639760131835937607e+00
4.614440093994140568e+00
4.296000137329101243e+00
4.364240188598632386e+00
4.232680145263671534e+00
4.272680084228515973e+00
4.088000076293945462e+00
3.983320083618163920e+00
3.973320098876953033e+00
3.963240127563476545e+00
3.817600036621093818e+00
3.648760009765624979e+00
3.777520095825195323e+00
3.518600082397461026e+00
3.441480102539062447e+00
3.420160064697265412e+00
3.321840026855468864e+00
3.076840057373046999e+00
3.137240051269531094e+00
2.934920043945312695e+00
2.833800003051757610e+00
2.893800003051757663e+00
2.758880035400390618e+00
2.671919998168945209e+00
2.577159988403320501e+00
2.458720046997070252e+00
2.461399993896484339e+00
2.411639984130859560e+00
2.371559997558593924e+00
2.282000022888183377e+00
2.159080039978027443e+00
2.183600006103515678e+00
2.274439994812011534e+00
2.167879981994628835e+00
2.154760040283203004e+00
2.032279991149902543e+00
1.954919990539550678e+00
1.927119995117187568e+00
1.985280006408691511e+00
1.907119979858398429e+00
1.935439956665039096e+00
1.821719993591308651e+00
1.837360008239746101e+00
1.725439964294433581e+00
1.846600013732910162e+00
1.817439979553222562e+00
1.760079963684082038e+00
1.698919975280761774e+00
1.718759971618652349e+00
1.769560012817382733e+00
1.659839973449707129e+00
1.702439987182617243e+00
1.660439971923828084e+00
1.628839996337890561e+00
1.626479972839355526e+00
1.678479972839355572e+00
1.688959960937499893e+00
1.655039985656738377e+00
1.593439964294433686e+00
1.631479965209960969e+00
1.582039939880371060e+00
1.564479965209961021e+00
1.628399955749511685e+00
1.652319999694824126e+00
1.547799980163574229e+00
1.617679992675781220e+00
1.524319992065429785e+00
1.549440010070800788e+00
1.519879989624023375e+00
1.565359985351562511e+00
1.556639984130859355e+00
1.545519977569580039e+00
1.530239982604980398e+00
1.523959991455078100e+00
1.486679962158203194e+00
1.466119995117187491e+00
1.478759975433349583e+00
1.487119960784912154e+00
1.478679977416992086e+00
1.476359973907470646e+00
1.493119987487792955e+00
