4.420000000000000040e-01
4.520000000000000129e-01
5.140000000000000124e-01
4.819999999999999840e-01
4.799999999999999822e-01
4.919999999999999929e-01
4.799999999999999822e-01
4.759999999999999787e-01
4.899999999999999911e-01
4.879999999999999893e-01
4.859999999999999876e-01
4.919999999999999929e-01
4.979999999999999982e-01
5.240000000000000213e-01
5.020000000000000018e-01
5.420000000000000373e-01
5.260000000000000231e-01
4.979999999999999982e-01
5.300000000000000266e-01
5.120000000000000107e-01
4.979999999999999982e-01
4.859999999999999876e-01
4.939999999999999947e-01
5.240000000000000213e-01
5.140000000000000124e-01
4.899999999999999911e-01
5.200000000000000178e-01
5.260000000000000231e-01
5.220000000000000195e-01
5.260000000000000231e-01
5.300000000000000266e-01
5.120000000000000107e-01
5.460000000000000409e-01
5.300000000000000266e-01
5.220000000000000195e-01
5.140000000000000124e-01
5.580000000000000515e-01
5.460000000000000409e-01
5.340000000000000302e-01
5.300000000000000266e-01
5.380000000000000338e-01
5.440000000000000391e-01
5.679999999999999494e-01
5.560000000000000497e-01
5.460000000000000409e-01
5.460000000000000409e-01
5.520000000000000462e-01
5.480000000000000426e-01
5.580000000000000515e-01
5.300000000000000266e-01
5.480000000000000426e-01
5.560000000000000497e-01
5.739999999999999547e-01
5.659999999999999476e-01
5.580000000000000515e-01
5.719999999999999529e-01
5.480000000000000426e-01
5.679999999999999494e-01
5.460000000000000409e-01
5.699999999999999512e-01
5.739999999999999547e-01
5.699999999999999512e-01
5.839999999999999636e-01
5.799999999999999600e-01
5.739999999999999547e-01
5.979999999999999760e-01
5.919999999999999707e-01
5.739999999999999547e-01
5.979999999999999760e-01
6.039999999999999813e-01
5.959999999999999742e-01
5.819999999999999618e-01
5.999999999999999778e-01
6.099999999999999867e-01
5.859999999999999654e-01
5.819999999999999618e-01
5.719999999999999529e-01
5.759999999999999565e-01
5.719999999999999529e-01
5.799999999999999600e-01
5.819999999999999618e-01
5.859999999999999654e-01
5.959999999999999742e-01
6.059999999999999831e-01
6.159999999999999920e-01
6.059999999999999831e-01
5.819999999999999618e-01
5.919999999999999707e-01
6.079999999999999849e-01
6.079999999999999849e-01
5.779999999999999583e-01
6.079999999999999849e-01
5.939999999999999725e-01
6.039999999999999813e-01
6.139999999999999902e-01
6.139999999999999902e-01
6.340000000000000080e-01
6.239999999999999991e-01
6.440000000000000169e-01
6.320000000000000062e-01
