7.448220050811767301e+00
7.171219955444335881e+00
6.980600074768066321e+00
6.981720027923583594e+00
6.949159988403319943e+00
6.766400009155273843e+00
6.873739990234374986e+00
6.795620056152343658e+00
6.668060039520264048e+00
6.686660060882568146e+00
6.708780059814452912e+00
6.779300086975097450e+00
6.757779998779296804e+00
6.626340019226073963e+00
6.470540031433105632e+00
6.463520088195800817e+00
6.568920051574706598e+00
6.811700008392334027e+00
6.667700073242187386e+00
6.664399993896484631e+00
6.561760032653809027e+00
6.590060043334960760e+00
6.550620059967041442e+00
6.607880027770995923e+00
6.511280097961425817e+00
6.643820053100585987e+00
6.344619995117187550e+00
6.503900020599365561e+00
6.336040000915527770e+00
6.519260002136230803e+00
6.422240089416503928e+00
6.651900024414062251e+00
6.550460090637207244e+00
6.480980026245116932e+00
6.603740020751953210e+00
6.576660053253173821e+00
6.278360000610351932e+00
6.315560058593749915e+00
6.374040016174316037e+00
6.477740043640136669e+00
6.466360027313232450e+00
6.389760002136230632e+00
6.279179985046386747e+00
6.375960025787353658e+00
6.255560012817382720e+00
6.266800056457519474e+00
6.312000061035155873e+00
6.062540065765380959e+00
6.186039989471435518e+00
6.192260009765624851e+00
5.924180065155029595e+00
6.005020092010497912e+00
6.000540000915527195e+00
5.948360050201416449e+00
6.000199993133544574e+00
6.016400085449218338e+00
6.063900028228760064e+00
6.050960002899169687e+00
5.984160022735595774e+00
5.918460002899170291e+00
5.997680122375488310e+00
5.733700054168701321e+00
5.864340034484863295e+00
5.733340003967285270e+00
5.844620040893554247e+00
5.682160064697265867e+00
5.774380039215087912e+00
5.811279987335205455e+00
5.658799999237060341e+00
5.717100051879882905e+00
5.918200054168701207e+00
5.738720054626464950e+00
5.719640007019043182e+00
5.955260025024413650e+00
5.731800060272217223e+00
5.789140048980712550e+00
5.844619987487792656e+00
5.785460083007812671e+00
5.847080001831054474e+00
5.825880027770995895e+00
5.798099975585937926e+00
5.402239990234375178e+00
5.660200023651123402e+00
5.652319992065430121e+00
5.493540061950684006e+00
5.494880039215088274e+00
5.825580017089843743e+00
5.817940002441406300e+00
5.747860046386718658e+00
5.641960067749023366e+00
5.823420085906982457e+00
5.605040004730224901e+00
5.855900039672851776e+00
5.641800037384033573e+00
5.536080039978027223e+00
5.389160030364990028e+00
5.190540019989013487e+00
5.258220039367675902e+00
5.026260047912598061e+00
5.113040042877197600e+00
