9.777640502929687116e+00
7.628720367431641058e+00
7.081480346679687621e+00
6.946280395507812067e+00
6.803920288085937074e+00
6.523600311279296626e+00
6.349400177001952805e+00
5.769240066528320554e+00
5.621160095214843722e+00
5.641960174560546548e+00
5.414440139770507976e+00
5.339960113525390462e+00
5.320080169677734006e+00
5.331760162353515575e+00
5.173680191040038956e+00
5.207480133056640703e+00
5.027120025634765454e+00
5.057959991455078352e+00
5.085520095825195597e+00
5.035360107421874787e+00
4.916040130615234816e+00
5.034440155029296982e+00
4.966640167236327841e+00
4.892400131225586257e+00
4.776240097045898025e+00
4.767800048828124915e+00
4.713600097656249766e+00
4.763120147705078189e+00
4.661120025634765796e+00
4.664720184326172081e+00
4.618760040283203416e+00
4.543320068359374631e+00
4.627120086669921584e+00
4.454520111083984268e+00
4.425480041503906392e+00
4.542280090332031506e+00
4.361240051269531293e+00
4.321880081176757926e+00
4.360360092163086065e+00
4.360960037231444986e+00
4.315240066528319929e+00
4.358640045166015220e+00
4.165560058593749559e+00
4.085320068359375334e+00
4.312159988403320376e+00
4.138320114135741967e+00
3.950200073242187582e+00
3.934680023193359411e+00
3.983840057373047028e+00
3.824040054321288906e+00
3.765520065307617070e+00
3.759160125732421864e+00
3.723200042724609471e+00
3.629720123291015454e+00
3.751560058593749858e+00
3.588240051269531161e+00
3.764959945678711062e+00
3.464880020141601680e+00
3.515240036010742308e+00
3.356120040893554535e+00
3.427239990234375089e+00
3.428480010986328264e+00
3.327880012512207220e+00
3.372080017089843729e+00
3.332680007934570199e+00
3.208720054626464702e+00
3.172759994506836101e+00
3.364159988403320423e+00
3.227280075073242216e+00
3.155239990234374847e+00
3.301920013427734446e+00
3.286200057983398537e+00
3.267199981689453026e+00
3.176520034790038860e+00
3.203680015563964645e+00
3.203600006103515696e+00
3.164920074462890476e+00
3.185200012207031417e+00
3.095839996337890643e+00
3.110319992065429862e+00
3.214880035400390579e+00
3.097039947509765412e+00
3.023400062561035107e+00
3.113599975585937596e+00
3.029519989013671921e+00
3.076039978027343746e+00
3.279000061035156399e+00
3.258040023803710827e+00
3.166400009155273310e+00
2.995520065307617052e+00
3.018320037841796921e+00
3.177960006713867358e+00
3.177120056152343608e+00
2.958280021667480497e+00
2.991480010986327986e+00
3.099720062255859165e+00
3.176680068969726545e+00
3.086599990844726360e+00
3.041479995727538910e+00
3.002199996948242244e+00
