1.419999999999999873e-01
2.959999999999999853e-01
3.479999999999999760e-01
3.619999999999999885e-01
4.099999999999999756e-01
3.900000000000000133e-01
4.060000000000000275e-01
4.339999999999999969e-01
4.859999999999999876e-01
5.240000000000000213e-01
5.040000000000000036e-01
4.939999999999999947e-01
5.420000000000000373e-01
5.060000000000000053e-01
5.859999999999999654e-01
5.540000000000000480e-01
5.520000000000000462e-01
5.520000000000000462e-01
5.659999999999999476e-01
5.560000000000000497e-01
5.639999999999999458e-01
5.659999999999999476e-01
5.699999999999999512e-01
5.779999999999999583e-01
6.099999999999999867e-01
5.919999999999999707e-01
5.959999999999999742e-01
6.159999999999999920e-01
6.119999999999999885e-01
6.239999999999999991e-01
6.159999999999999920e-01
6.199999999999999956e-01
6.119999999999999885e-01
6.260000000000000009e-01
6.300000000000000044e-01
6.179999999999999938e-01
6.420000000000000151e-01
6.500000000000000222e-01
6.340000000000000080e-01
6.300000000000000044e-01
6.360000000000000098e-01
6.039999999999999813e-01
6.560000000000000275e-01
6.520000000000000240e-01
6.400000000000000133e-01
6.440000000000000169e-01
6.740000000000000435e-01
6.919999999999999485e-01
6.700000000000000400e-01
6.740000000000000435e-01
6.860000000000000542e-01
6.760000000000000453e-01
7.099999999999999645e-01
7.019999999999999574e-01
6.680000000000000382e-01
6.820000000000000506e-01
7.099999999999999645e-01
6.979999999999999538e-01
6.860000000000000542e-01
7.139999999999999680e-01
6.959999999999999520e-01
7.119999999999999662e-01
7.259999999999999787e-01
7.299999999999999822e-01
7.179999999999999716e-01
7.359999999999999876e-01
7.419999999999999929e-01
7.139999999999999680e-01
7.299999999999999822e-01
7.359999999999999876e-01
7.339999999999999858e-01
7.079999999999999627e-01
7.019999999999999574e-01
7.299999999999999822e-01
7.319999999999999840e-01
6.959999999999999520e-01
7.339999999999999858e-01
7.299999999999999822e-01
7.459999999999999964e-01
7.399999999999999911e-01
7.239999999999999769e-01
7.339999999999999858e-01
7.540000000000000036e-01
7.459999999999999964e-01
7.520000000000000018e-01
7.540000000000000036e-01
7.419999999999999929e-01
7.479999999999999982e-01
7.299999999999999822e-01
7.540000000000000036e-01
7.319999999999999840e-01
7.219999999999999751e-01
7.159999999999999698e-01
7.660000000000000142e-01
7.580000000000000071e-01
7.479999999999999982e-01
7.299999999999999822e-01
7.479999999999999982e-01
7.379999999999999893e-01
7.540000000000000036e-01
