1.120000000000000023e-01
1.039999999999999952e-01
1.419999999999999873e-01
1.479999999999999927e-01
1.519999999999999962e-01
1.620000000000000051e-01
1.940000000000000058e-01
1.739999999999999880e-01
1.980000000000000093e-01
1.680000000000000104e-01
1.880000000000000004e-01
2.139999999999999958e-01
2.179999999999999993e-01
2.079999999999999905e-01
2.320000000000000118e-01
2.399999999999999911e-01
2.839999999999999747e-01
2.399999999999999911e-01
2.200000000000000011e-01
2.560000000000000053e-01
2.859999999999999765e-01
2.760000000000000231e-01
2.979999999999999871e-01
2.760000000000000231e-01
2.819999999999999729e-01
2.839999999999999747e-01
2.859999999999999765e-01
2.979999999999999871e-01
3.119999999999999996e-01
2.780000000000000249e-01
3.119999999999999996e-01
3.160000000000000031e-01
3.340000000000000191e-01
3.119999999999999996e-01
3.320000000000000173e-01
3.180000000000000049e-01
2.939999999999999836e-01
3.220000000000000084e-01
3.180000000000000049e-01
3.360000000000000209e-01
3.420000000000000262e-01
3.519999999999999796e-01
3.400000000000000244e-01
3.499999999999999778e-01
3.499999999999999778e-01
3.739999999999999991e-01
3.739999999999999991e-01
4.040000000000000258e-01
4.040000000000000258e-01
4.040000000000000258e-01
3.980000000000000204e-01
3.739999999999999991e-01
3.860000000000000098e-01
4.099999999999999756e-01
3.840000000000000080e-01
4.000000000000000222e-01
3.940000000000000169e-01
4.099999999999999756e-01
3.940000000000000169e-01
4.079999999999999738e-01
4.319999999999999951e-01
4.159999999999999809e-01
4.060000000000000275e-01
4.000000000000000222e-01
4.279999999999999916e-01
4.540000000000000147e-01
4.119999999999999774e-01
4.359999999999999987e-01
4.199999999999999845e-01
4.879999999999999893e-01
4.580000000000000182e-01
4.239999999999999880e-01
4.580000000000000182e-01
4.779999999999999805e-01
4.420000000000000040e-01
4.500000000000000111e-01
4.540000000000000147e-01
4.580000000000000182e-01
4.899999999999999911e-01
4.660000000000000253e-01
4.620000000000000218e-01
4.660000000000000253e-01
4.779999999999999805e-01
4.699999999999999734e-01
4.779999999999999805e-01
4.799999999999999822e-01
4.560000000000000164e-01
4.799999999999999822e-01
4.540000000000000147e-01
4.899999999999999911e-01
4.699999999999999734e-01
4.759999999999999787e-01
4.680000000000000271e-01
4.939999999999999947e-01
5.240000000000000213e-01
4.799999999999999822e-01
4.979999999999999982e-01
4.859999999999999876e-01
5.140000000000000124e-01
5.120000000000000107e-01
