1.671930046081542898e+01
1.472102040863037153e+01
1.336210027313232374e+01
1.282782026672363251e+01
1.273458021545410190e+01
1.192512014007568411e+01
1.105780009460449165e+01
1.179144022369384714e+01
1.123674018096923888e+01
1.061166007995605476e+01
1.064560018920898443e+01
1.052930007553100644e+01
9.892640045166015028e+00
9.666199989318847940e+00
9.423460090637206577e+00
9.343660041809082273e+00
9.292060058593749616e+00
9.317820053100586364e+00
9.468520103454590497e+00
9.138920043945311988e+00
8.873899967193603189e+00
8.887220039367676350e+00
8.870180076599121222e+00
8.617700088500976463e+00
8.756900081634521271e+00
8.577820003509520674e+00
8.486280059814452770e+00
8.549499961853026520e+00
8.595440078735352429e+00
8.615960037231445767e+00
8.297140041351317663e+00
8.334620079040528040e+00
8.032400093078614134e+00
8.250680053710937045e+00
8.062439971923827997e+00
8.052980094909667486e+00
8.128780006408691250e+00
8.194880012512207657e+00
8.045320022583007713e+00
7.929940040588379091e+00
7.940680023193359638e+00
7.736220012664794865e+00
7.802719982147216626e+00
7.954740089416503679e+00
7.884360054016113395e+00
7.563800025939941385e+00
7.492580032348632457e+00
7.325960014343261939e+00
7.540620082855224560e+00
7.455300094604492500e+00
7.359100105285644844e+00
7.425760017395019119e+00
7.341820030212402592e+00
7.241259960174560639e+00
7.324000057220459325e+00
7.275340065002441570e+00
7.288580047607421619e+00
7.258460056304931740e+00
7.171720031738280987e+00
7.128060039520264013e+00
7.176580043792724517e+00
7.153360076904297316e+00
7.208660037994384595e+00
7.279400024414062642e+00
7.147740039825439595e+00
7.085180019378662486e+00
7.134360084533691193e+00
7.030200046539306413e+00
7.179959999084472244e+00
7.086840034484863438e+00
7.139760032653808430e+00
7.072100036621093544e+00
7.003839992523193558e+00
7.003960029602050774e+00
6.965620033264159794e+00
6.981340072631835980e+00
6.997700000762939077e+00
6.886500045776367429e+00
6.940640014648437273e+00
7.033839992523192919e+00
6.961239959716796655e+00
6.966580017089843757e+00
6.800580043792724183e+00
6.914580017089844155e+00
6.975000041961670227e+00
6.981140037536620824e+00
7.019180114746093935e+00
6.774300071716308658e+00
6.969620029449463239e+00
6.836500080108642408e+00
6.895359981536865135e+00
6.806480072021484418e+00
6.913540031433105248e+00
6.804800064086913736e+00
6.803700073242187507e+00
6.818719993591308537e+00
6.731139953613281435e+00
6.886920104980468693e+00
6.781880004882812507e+00
6.846860076904296655e+00
